KHG-476 13 29 15 38
TPQ-107 18 3 19 47
KCC-666 12 43 14 47
CQM-593 19 57 21 29
ACW-799 13 14 14 31
WYX-634 19 12 20 30
WBJ-706 6 51 8 9
MOI-843 15 14 16 58
TOW-520 13 54 15 41
TVL-509 20 20 21 52
VVJ-776 10 59 12 2
FOD-954 9 56 11 44
YNG-677 7 57 9 33
IFP-464 12 19 13 35
YOG-608 11 33 13 28
HDM-201 12 57 14 31
KRW-966 12 56 15 2
BIB-666 11 45 13 7
ULO-196 9 19 11 23
CAN-252 7 9 8 57
PWQ-509 17 22 18 43
GBY-628 14 54 16 13
COV-427 12 29 13 57
LBZ-642 8 2 9 27
JYM-112 16 12 18 3
XUL-568 13 33 14 38
MLZ-472 9 33 10 31
YVF-713 13 25 15 11
XOU-513 8 3 9 16
IYA-363 17 31 18 50
WUZ-748 11 30 13 3
KRQ-990 15 58 18 0
YWB-474 9 38 11 32
SXM-299 10 2 11 23
KWX-130 16 48 18 14
YWA-957 14 11 15 38
TLJ-509 6 4 7 31
YWI-396 9 58 11 12
WYW-759 15 37 16 47
TIB-382 16 57 18 9
RQA-219 10 52 12 9
QIW-685 6 26 8 0
LAB-103 7 25 8 37
SZP-117 15 32 17 34
AHR-856 7 0 8 26
EBD-866 11 19 12 44
DRO-722 20 25 21 31
SMI-792 7 26 8 49
MEE-911 13 22 15 3
BZX-116 15 44 17 10
VEP-987 6 41 7 54
TTO-958 18 37 19 49
GIT-136 16 41 18 11
RCN-437 19 1 20 15
SYI-554 14 32 15 59
DCV-860 15 9 16 51
DUO-691 12 16 14 9
XQE-678 6 48 7 51
PAL-958 7 27 8 33
RIN-632 13 37 15 32
JLZ-827 11 35 13 9
NPR-419 17 20 18 28
DXJ-132 16 17 17 20
DZW-809 6 26 8 10
TMA-338 20 23 21 32
KDU-839 20 8 22 20
ANF-997 6 17 8 3
BVX-430 10 46 12 3
NSM-658 14 29 15 42
JYY-568 9 58 11 27
REB-528 11 11 12 16
GXJ-255 12 24 14 16
LOE-855 12 15 13 58
ENF-817 14 21 15 24
AJY-424 10 54 12 9
RIN-366 16 50 18 29
SOZ-286 17 47 19 19
CEQ-702 17 14 18 25
MFD-162 17 17 19 16
XES-972 15 59 17 6
NRH-967 7 27 9 21
SQP-759 14 0 15 50
LBB-313 10 29 12 20
KJF-939 9 57 12 13
XBG-246 6 56 8 2
CUP-476 19 12 20 28
YHC-736 17 40 19 17
DNK-752 10 49 12 2
PJH-404 10 56 12 1
YWO-651 15 40 16 53
QUG-586 16 39 18 16
JPB-924 17 40 18 48
WCQ-793 18 8 19 23
XEW-447 11 58 13 14
ZVJ-638 6 20 7 31
QIQ-677 15 4 16 37
KEE-771 16 54 18 1
UXW-519 18 27 19 38
PVR-152 20 18 21 26
ODZ-391 11 1 12 12
WXQ-980 12 5 13 46
XDU-199 11 22 12 27
GBT-583 6 35 8 32
XJU-790 7 42 8 58
JAN-415 12 54 14 32
MYO-207 16 56 18 10
QDY-669 11 35 13 33
IXU-478 7 21 9 6
ANT-170 10 27 12 2
OYW-763 13 56 15 25
LOC-186 18 25 20 22
REY-831 6 57 8 49
IGA-812 8 0 10 12
CCI-417 15 45 17 10
QLP-495 16 58 18 58
HHN-981 19 14 21 23
VBD-552 19 3 20 38
XOS-780 18 6 18 58
GVB-358 17 51 19 5
AVY-894 6 15 7 33
IPF-342 9 7 10 22
KPW-390 15 59 17 13
UDV-335 16 23 18 8
DZV-238 12 10 13 19
WSV-225 16 0 17 18
JIS-167 16 14 17 38
VAI-856 18 3 19 33
VJV-253 7 37 9 3
QHR-146 7 55 9 20
YTG-756 7 51 8 54
HRM-886 14 57 16 12
BIJ-348 17 18 18 56
OAT-328 17 26 18 39
QTA-765 20 0 20 58
VND-401 20 25 21 38
UAH-979 14 36 16 1
CRZ-211 7 4 8 23
MWO-680 20 59 22 45
YDX-618 18 57 20 23
LPX-982 15 20 17 27
LIQ-669 16 38 18 0
GDG-841 11 14 12 46
MHR-541 18 53 20 13
TLM-786 15 31 16 51
PYP-756 18 39 20 0
AOU-781 12 8 13 20
MGI-382 10 13 12 7
TVE-792 18 17 20 14
YYS-439 8 36 9 39
MJH-289 13 48 15 20
KEO-382 17 7 19 5
KXL-767 13 53 14 51
PLB-935 12 34 13 59
IRE-878 19 57 22 0
RDX-643 10 1 11 54
NQJ-152 16 56 18 11
LXT-673 14 35 16 19
YBE-878 11 25 12 27
PWH-148 8 4 9 31
REC-263 16 6 17 52
KSD-687 17 10 18 57
EVJ-817 7 50 9 18
DUN-492 19 17 21 10
VPM-742 9 35 10 42
BSD-809 9 3 10 24
EAF-976 12 43 13 44
IGI-697 11 24 12 55
MMS-949 10 28 11 45
QLO-953 12 19 13 30
YNT-992 11 25 13 7
RWA-135 9 31 10 26
VVY-772 15 12 16 52
EGM-432 8 58 10 16
JBC-453 11 27 12 53
VOW-763 10 24 12 6
